343 343
1 1
2 1
2 2
3 2
4 2
3 3
5 3
6 3
4 4
6 4
7 4
1 5
5 5
8 5
6 6
8 6
9 6
10 6
7 7
10 7
11 7
2 8
8 8
12 8
13 8
9 9
12 9
14 9
10 10
13 10
14 10
15 10
11 11
15 11
16 11
3 12
12 12
17 12
18 12
4 13
13 13
18 13
19 13
14 14
18 14
20 14
21 14
15 15
19 15
21 15
22 15
16 16
22 16
23 16
5 17
17 17
24 17
6 18
18 18
24 18
25 18
26 18
7 19
19 19
26 19
27 19
20 20
25 20
28 20
21 21
26 21
28 21
29 21
22 22
27 22
29 22
30 22
23 23
30 23
8 24
24 24
31 24
32 24
9 25
25 25
31 25
33 25
10 26
26 26
32 26
33 26
34 26
11 27
27 27
34 27
35 27
28 28
33 28
36 28
37 28
29 29
34 29
37 29
38 29
30 30
35 30
38 30
39 30
12 31
31 31
40 31
41 31
13 32
32 32
41 32
42 32
14 33
33 33
41 33
43 33
44 33
15 34
34 34
42 34
44 34
45 34
16 35
35 35
45 35
46 35
36 36
43 36
47 36
37 37
44 37
47 37
48 37
38 38
45 38
48 38
49 38
39 39
46 39
49 39
17 40
40 40
50 40
18 41
41 41
50 41
51 41
52 41
19 42
42 42
52 42
53 42
20 43
43 43
51 43
54 43
21 44
44 44
52 44
54 44
55 44
22 45
45 45
53 45
55 45
56 45
23 46
46 46
56 46
47 47
54 47
57 47
58 47
48 48
55 48
58 48
59 48
49 49
56 49
59 49
60 49
24 50
50 50
61 50
62 50
25 51
51 51
61 51
63 51
26 52
52 52
62 52
63 52
64 52
27 53
53 53
64 53
65 53
28 54
54 54
63 54
66 54
67 54
29 55
55 55
64 55
67 55
68 55
30 56
56 56
65 56
68 56
69 56
57 57
66 57
70 57
58 58
67 58
70 58
71 58
59 59
68 59
71 59
72 59
60 60
69 60
72 60
31 61
61 61
73 61
74 61
32 62
62 62
74 62
75 62
33 63
63 63
74 63
76 63
77 63
34 64
64 64
75 64
77 64
78 64
35 65
65 65
78 65
79 65
36 66
66 66
76 66
80 66
37 67
67 67
77 67
80 67
81 67
38 68
68 68
78 68
81 68
82 68
39 69
69 69
79 69
82 69
70 70
80 70
83 70
84 70
71 71
81 71
84 71
85 71
72 72
82 72
85 72
86 72
40 73
73 73
87 73
41 74
74 74
87 74
88 74
89 74
42 75
75 75
89 75
90 75
43 76
76 76
88 76
91 76
44 77
77 77
89 77
91 77
92 77
45 78
78 78
90 78
92 78
93 78
46 79
79 79
93 79
47 80
80 80
91 80
94 80
95 80
48 81
81 81
92 81
95 81
96 81
49 82
82 82
93 82
96 82
97 82
83 83
94 83
98 83
84 84
95 84
98 84
99 84
85 85
96 85
99 85
100 85
86 86
97 86
100 86
50 87
87 87
101 87
102 87
51 88
88 88
101 88
103 88
52 89
89 89
102 89
103 89
104 89
53 90
90 90
104 90
105 90
54 91
91 91
103 91
106 91
107 91
55 92
92 92
104 92
107 92
108 92
56 93
93 93
105 93
108 93
109 93
57 94
94 94
106 94
110 94
58 95
95 95
107 95
110 95
111 95
59 96
96 96
108 96
111 96
112 96
60 97
97 97
109 97
112 97
98 98
110 98
113 98
99 99
111 99
113 99
114 99
100 100
112 100
114 100
115 100
61 101
101 101
116 101
117 101
62 102
102 102
117 102
118 102
63 103
103 103
117 103
119 103
120 103
64 104
104 104
118 104
120 104
121 104
65 105
105 105
121 105
122 105
66 106
106 106
119 106
123 106
67 107
107 107
120 107
123 107
124 107
68 108
108 108
121 108
124 108
125 108
69 109
109 109
122 109
125 109
70 110
110 110
123 110
126 110
127 110
71 111
111 111
124 111
127 111
128 111
72 112
112 112
125 112
128 112
129 112
113 113
127 113
130 113
114 114
128 114
130 114
131 114
115 115
129 115
131 115
73 116
116 116
132 116
74 117
117 117
132 117
133 117
134 117
75 118
118 118
134 118
135 118
76 119
119 119
133 119
136 119
77 120
120 120
134 120
136 120
137 120
78 121
121 121
135 121
137 121
138 121
79 122
122 122
138 122
80 123
123 123
136 123
139 123
140 123
81 124
124 124
137 124
140 124
141 124
82 125
125 125
138 125
141 125
142 125
83 126
126 126
139 126
143 126
84 127
127 127
140 127
143 127
144 127
85 128
128 128
141 128
144 128
145 128
86 129
129 129
142 129
145 129
130 130
144 130
146 130
131 131
145 131
146 131
147 131
87 132
132 132
148 132
149 132
88 133
133 133
148 133
150 133
89 134
134 134
149 134
150 134
151 134
90 135
135 135
151 135
152 135
91 136
136 136
150 136
153 136
154 136
92 137
137 137
151 137
154 137
155 137
93 138
138 138
152 138
155 138
156 138
94 139
139 139
153 139
157 139
95 140
140 140
154 140
157 140
158 140
96 141
141 141
155 141
158 141
159 141
97 142
142 142
156 142
159 142
98 143
143 143
157 143
160 143
99 144
144 144
158 144
160 144
161 144
100 145
145 145
159 145
161 145
162 145
146 146
161 146
163 146
147 147
162 147
163 147
101 148
148 148
164 148
165 148
102 149
149 149
165 149
166 149
103 150
150 150
165 150
167 150
168 150
104 151
151 151
166 151
168 151
169 151
105 152
152 152
169 152
170 152
106 153
153 153
167 153
171 153
107 154
154 154
168 154
171 154
172 154
108 155
155 155
169 155
172 155
173 155
109 156
156 156
170 156
173 156
110 157
157 157
171 157
174 157
175 157
111 158
158 158
172 158
175 158
176 158
112 159
159 159
173 159
176 159
177 159
113 160
160 160
175 160
178 160
114 161
161 161
176 161
178 161
179 161
115 162
162 162
177 162
179 162
163 163
179 163
180 163
116 164
164 164
181 164
117 165
165 165
181 165
182 165
183 165
118 166
166 166
183 166
184 166
119 167
167 167
182 167
185 167
120 168
168 168
183 168
185 168
186 168
121 169
169 169
184 169
186 169
187 169
122 170
170 170
187 170
123 171
171 171
185 171
188 171
189 171
124 172
172 172
186 172
189 172
190 172
125 173
173 173
187 173
190 173
191 173
126 174
174 174
188 174
192 174
127 175
175 175
189 175
192 175
193 175
128 176
176 176
190 176
193 176
194 176
129 177
177 177
191 177
194 177
130 178
178 178
193 178
195 178
131 179
179 179
194 179
195 179
196 179
180 180
196 180
132 181
181 181
197 181
198 181
133 182
182 182
197 182
199 182
134 183
183 183
198 183
199 183
200 183
135 184
184 184
200 184
201 184
136 185
185 185
199 185
202 185
203 185
137 186
186 186
200 186
203 186
204 186
138 187
187 187
201 187
204 187
205 187
139 188
188 188
202 188
206 188
140 189
189 189
203 189
206 189
207 189
141 190
190 190
204 190
207 190
208 190
142 191
191 191
205 191
208 191
143 192
192 192
206 192
209 192
144 193
193 193
207 193
209 193
210 193
145 194
194 194
208 194
210 194
211 194
146 195
195 195
210 195
212 195
147 196
196 196
211 196
212 196
148 197
197 197
213 197
149 198
198 198
213 198
214 198
150 199
199 199
213 199
215 199
216 199
151 200
200 200
214 200
216 200
217 200
152 201
201 201
217 201
218 201
153 202
202 202
215 202
219 202
154 203
203 203
216 203
219 203
220 203
155 204
204 204
217 204
220 204
221 204
156 205
205 205
218 205
221 205
157 206
206 206
219 206
222 206
223 206
158 207
207 207
220 207
223 207
224 207
159 208
208 208
221 208
224 208
225 208
160 209
209 209
223 209
226 209
161 210
210 210
224 210
226 210
227 210
162 211
211 211
225 211
227 211
163 212
212 212
227 212
228 212
165 213
213 213
229 213
230 213
166 214
214 214
230 214
231 214
167 215
215 215
229 215
232 215
168 216
216 216
230 216
232 216
233 216
169 217
217 217
231 217
233 217
234 217
170 218
218 218
234 218
171 219
219 219
232 219
235 219
236 219
172 220
220 220
233 220
236 220
237 220
173 221
221 221
234 221
237 221
238 221
174 222
222 222
235 222
239 222
175 223
223 223
236 223
239 223
240 223
176 224
224 224
237 224
240 224
241 224
177 225
225 225
238 225
241 225
178 226
226 226
240 226
242 226
179 227
227 227
241 227
242 227
243 227
180 228
228 228
243 228
182 229
229 229
244 229
183 230
230 230
244 230
245 230
184 231
231 231
245 231
246 231
185 232
232 232
244 232
247 232
248 232
186 233
233 233
245 233
248 233
249 233
187 234
234 234
246 234
249 234
250 234
188 235
235 235
247 235
251 235
189 236
236 236
248 236
251 236
252 236
190 237
237 237
249 237
252 237
253 237
191 238
238 238
250 238
253 238
192 239
239 239
251 239
254 239
193 240
240 240
252 240
254 240
255 240
194 241
241 241
253 241
255 241
256 241
195 242
242 242
255 242
257 242
196 243
243 243
256 243
257 243
199 244
244 244
258 244
259 244
200 245
245 245
259 245
260 245
201 246
246 246
260 246
261 246
202 247
247 247
258 247
262 247
203 248
248 248
259 248
262 248
263 248
204 249
249 249
260 249
263 249
264 249
205 250
250 250
261 250
264 250
206 251
251 251
262 251
265 251
266 251
207 252
252 252
263 252
266 252
267 252
208 253
253 253
264 253
267 253
268 253
209 254
254 254
266 254
269 254
210 255
255 255
267 255
269 255
270 255
211 256
256 256
268 256
270 256
212 257
257 257
270 257
271 257
215 258
258 258
272 258
216 259
259 259
272 259
273 259
217 260
260 260
273 260
274 260
218 261
261 261
274 261
219 262
262 262
272 262
275 262
276 262
220 263
263 263
273 263
276 263
277 263
221 264
264 264
274 264
277 264
278 264
222 265
265 265
275 265
279 265
223 266
266 266
276 266
279 266
280 266
224 267
267 267
277 267
280 267
281 267
225 268
268 268
278 268
281 268
226 269
269 269
280 269
282 269
227 270
270 270
281 270
282 270
283 270
228 271
271 271
283 271
232 272
272 272
284 272
285 272
233 273
273 273
285 273
286 273
234 274
274 274
286 274
287 274
235 275
275 275
284 275
288 275
236 276
276 276
285 276
288 276
289 276
237 277
277 277
286 277
289 277
290 277
238 278
278 278
287 278
290 278
239 279
279 279
288 279
291 279
240 280
280 280
289 280
291 280
292 280
241 281
281 281
290 281
292 281
293 281
242 282
282 282
292 282
294 282
243 283
283 283
293 283
294 283
247 284
284 284
295 284
248 285
285 285
295 285
296 285
249 286
286 286
296 286
297 286
250 287
287 287
297 287
251 288
288 288
295 288
298 288
299 288
252 289
289 289
296 289
299 289
300 289
253 290
290 290
297 290
300 290
301 290
254 291
291 291
299 291
302 291
255 292
292 292
300 292
302 292
303 292
256 293
293 293
301 293
303 293
257 294
294 294
303 294
304 294
262 295
295 295
305 295
306 295
263 296
296 296
306 296
307 296
264 297
297 297
307 297
308 297
265 298
298 298
305 298
309 298
266 299
299 299
306 299
309 299
310 299
267 300
300 300
307 300
310 300
311 300
268 301
301 301
308 301
311 301
269 302
302 302
310 302
312 302
270 303
303 303
311 303
312 303
313 303
271 304
304 304
313 304
275 305
305 305
314 305
276 306
306 306
314 306
315 306
277 307
307 307
315 307
316 307
278 308
308 308
316 308
279 309
309 309
314 309
317 309
280 310
310 310
315 310
317 310
318 310
281 311
311 311
316 311
318 311
319 311
282 312
312 312
318 312
320 312
283 313
313 313
319 313
320 313
288 314
314 314
321 314
322 314
289 315
315 315
322 315
323 315
290 316
316 316
323 316
324 316
291 317
317 317
322 317
325 317
292 318
318 318
323 318
325 318
326 318
293 319
319 319
324 319
326 319
294 320
320 320
326 320
327 320
298 321
321 321
328 321
299 322
322 322
328 322
329 322
300 323
323 323
329 323
330 323
301 324
324 324
330 324
302 325
325 325
329 325
331 325
303 326
326 326
330 326
331 326
332 326
304 327
327 327
332 327
309 328
328 328
333 328
310 329
329 329
333 329
334 329
311 330
330 330
334 330
335 330
312 331
331 331
334 331
336 331
313 332
332 332
335 332
336 332
317 333
333 333
337 333
318 334
334 334
337 334
338 334
319 335
335 335
338 335
320 336
336 336
338 336
339 336
325 337
337 337
340 337
326 338
338 338
340 338
341 338
327 339
339 339
341 339
331 340
340 340
342 340
332 341
341 341
342 341
336 342
342 342
343 342
339 343
343 343
